181.51
141.94
121.65
191.07
172.80
143.50
135.74
134.10
143.71
106.66
194.75
118.75
132.25
173.72
165.92
103.64
114.13
124.23
125.22
167.02
161.81
121.20
120.16
163.53
196.12
128.53
189.90
150.49
182.30
158.15
183.01
100.62
192.95
148.18
184.52
125.58
158.91
169.90
114.56
144.48
155.64
110.50
188.62
145.41
127.55
180.93
136.18
104.21
135.59
153.95
158.75
144.30
124.53
145.94
171.05
144.54
145.33
118.11
109.59
127.34
135.59
187.35
112.11
188.94
156.05
105.44
167.89
165.32
105.25
186.07
114.43
162.79
185.34
133.92
108.92
120.59
172.61
157.03
134.41
114.39
153.67
124.65
110.17
154.00
124.43
166.16
162.98
176.78
113.23
193.66
182.22
188.53
181.72
170.59
125.19
158.26
177.44
142.04
161.25
129.87
160.68
188.40
143.28
174.36
104.83
163.39
173.34
169.35
174.12
129.94
185.72
159.37
115.75
113.01
104.97
119.75
164.27
147.04
149.23
120.17
145.35
107.65
139.71
159.12
183.17
181.96
146.29
120.28
161.49
150.25
145.81
183.27
161.40
122.61
195.21
107.04
100.96
198.62
124.36
192.14
131.40
195.74
135.17
119.81
102.58
122.24
152.96
160.52
196.33
154.69
113.39
142.04
140.74
116.39
184.52
168.49
160.34
143.39
116.75
185.20
187.82
167.67
186.01
192.01
161.50
143.21
145.13
117.32
159.04
190.11
126.94
178.94
173.25
134.30
148.73
174.14
118.24
175.93
152.32
161.00
165.42
128.17
176.58
115.75
148.17
130.23
199.82
177.02
140.84
152.92
108.59
116.50
113.70
183.57
146.02
107.88
188.55
198.02
168.37
101.28
171.56
101.77
191.34
148.44
119.71
150.08
139.07
165.83
105.04
136.86
118.60
167.05
177.00
176.41
129.51
144.13
187.27
188.57
184.85
127.75
133.84
137.84
162.89
110.69
101.48
170.25
131.25
175.88
124.16
137.60
185.33
130.67
171.87
198.55
120.79
112.21
168.89
137.81
116.51
195.66
183.49
150.91
138.70
106.08
190.20
100.24
189.65
108.10
194.77
160.02
115.09
123.03
129.39
132.99
153.15
102.16
171.05
139.34
154.84
167.19
109.51
149.76
131.07
113.94
192.87
158.98
184.34
163.80
108.83
173.21
164.84
139.03
117.25
115.85
149.88
132.47
135.94
139.28
183.34
140.17
195.68
167.45
127.54
126.21
122.70
183.94
173.69
192.91
177.31
123.22
129.19
136.99
175.99
118.99
149.98
182.28
150.73
112.81
114.53
192.99
154.28
128.74
142.25
188.26
103.02
175.23
143.79
197.98
159.93
144.02
152.93
122.96
199.47
138.13
130.99
188.24
163.49
175.20
153.04
107.36
112.54
181.31
182.44
107.46
100.70
110.96
115.40
100.64
153.52
103.58
130.19
124.87
108.50
114.32
107.18
119.83
185.55
137.18
195.43
147.16
190.80
172.70
188.89
112.75
121.28
178.79
141.27
199.41
130.29
183.50
192.26
172.13
133.90
131.45
199.96
175.63
187.04
181.98
174.24
103.78
134.97
176.26
184.20
184.05
150.12
143.01
169.21
186.69
197.53
118.31
117.20
137.75
133.14
113.32
186.96
188.04
128.07
175.76
141.46
165.94
129.78
155.96
128.41
120.84
115.86
106.22
190.92
146.32
170.28
113.51
116.59
157.29
113.12
189.78
136.21
183.79
144.92
121.79
164.92
135.55
124.56
112.55
137.87
186.11
185.53
130.62
130.27
123.03
109.88
120.00
167.23
111.68
121.06
113.32
122.84
123.87
127.64
134.32
179.71
190.02
148.13
171.56
170.39
143.64
174.01
154.70
150.42
140.18
182.67
167.24
158.80
149.16
195.06
184.93
106.61
137.61
183.68
138.04
196.47
186.21
175.96
157.28
116.99
104.75
165.01
178.19
174.63
143.13
135.62
146.89
122.50
125.84
136.28
191.22
121.04
173.20
180.40
195.75
118.30
111.31
138.95
146.30
169.11
113.58
195.27
190.54
121.95
162.07
168.45
194.70
189.85
163.85
175.98
163.23
187.25
109.21
198.59
128.26
158.93
111.92
130.83
108.87
148.72
129.38
149.02
186.14
156.02
120.30
105.44
139.47
106.42
161.37
161.92
141.94
118.75
110.50
109.11
118.27
185.86
174.12
178.91
127.36
198.50
108.58
146.23
143.42
132.78
161.72
134.16
174.49
190.38
139.64
181.37
175.35
127.58
165.69
104.74
182.96
134.53
184.24
191.37
126.78
129.10
149.90
184.20
143.94
111.15
134.49
183.20
159.73
182.66
178.66
170.42
177.42
176.38
112.88
180.83
158.52
151.92
173.22
183.78
164.39
111.43
141.60
109.83
172.91
159.55
147.12
156.54
180.79
182.11
175.32
133.20
150.58
146.25
145.88
159.64
164.59
131.18
135.30
116.76
103.07
183.10
141.25
157.72
172.83
150.53
107.65
127.86
174.34
196.83
155.52
108.55
110.19
105.78
193.81
195.79
105.98
192.90
116.27
147.79
135.71
110.29
125.92
187.41
118.36
186.08
166.92
125.17
179.39
170.95
185.15
176.53
151.83
173.33
183.51
182.95
125.17
153.11
185.73
110.61
136.95
108.71
173.06
192.91
142.12
136.74
112.76
103.18
188.17
165.17
153.90
192.69
170.25
161.17
126.48
105.64
139.82
192.87
143.41
187.58
192.80
180.77
171.00
136.78
168.78
108.91
103.56
108.75
151.51
178.60
150.43
173.75
172.77
178.09
119.49
143.98
186.55
110.56
160.23
132.80
198.62
169.68
111.81
181.84
107.79
177.13
186.56
193.38
139.39
199.72
107.69
135.37
128.96
144.99
111.85
144.18
144.77
193.81
121.37
136.32
121.45
165.89
189.09
154.53
113.70
130.08
119.37
115.84
169.31
164.90
173.00
199.71
163.38
147.05
170.80
112.79
132.13
195.37
120.89
193.67
193.91
126.28
108.20
175.55
147.40
182.88
101.03
107.79
192.62
184.42
149.26
148.48
129.07
105.43
171.57
178.95
147.16
134.59
154.81
158.88
143.83
182.13
117.75
135.68
161.70
101.69
123.53
145.63
171.89
167.60
160.38
195.79
195.20
101.55
148.65
195.45
183.79
174.51
173.46
113.98
165.88
118.55
187.23
177.73
189.92
171.35
173.84
182.96
191.23
141.63
117.16
194.08
144.41
127.73
170.74
116.66
157.44
143.32
182.44
183.57
110.02
104.64
188.17
168.93
137.63
111.61
152.17
149.56
115.61
111.65
197.96
166.36
102.77
169.44
143.42
199.33
162.96
178.56
126.46
158.68
194.75
141.54
183.62
112.37
164.43
113.71
122.65
115.19
155.37
153.45
112.71
178.44
118.25
146.08
100.65
120.90
130.75
172.37
150.47
171.31
152.93
173.60
194.52
150.77
194.97
124.75
179.48
149.37
197.56
164.96
188.18
125.55
162.39
150.23
118.96
198.92
159.57
186.93
108.35
177.84
182.54
176.89
190.09
161.33
116.59
154.85
193.52
181.83
136.88
127.32
198.02
109.93
154.11
128.14
176.59
125.14
181.47
190.58
181.01
167.82
105.48
198.46
144.39
126.54
104.76
119.47
102.12
182.46
176.03
142.51
161.70
127.70
194.62
138.27
183.88
198.12
157.78
136.92
172.79
112.83
133.72
170.31
111.19
192.23
166.50
157.34
118.36
134.53
167.46
120.46
152.97
166.61
157.82
109.21
130.75
149.35
113.53
172.12
177.94
109.59
103.78
162.21
195.31
191.74
107.25
183.54
164.80
170.05
136.75
185.87
190.87
139.73
101.91
193.27
132.40
109.45
192.21
108.47
147.07
150.98
168.14
169.37
140.08
122.69
106.98
146.66
181.65
172.58
161.48
162.37
133.73
144.11
154.72
177.79
105.35
153.33
152.39
146.45
137.91
179.30
125.15
152.55
107.53
111.73
137.66
158.98
119.31
129.02
178.78
169.90
160.26
138.52
177.55
172.74
172.22
196.10
133.68
161.72
103.77
136.96
127.65
161.03
101.04
191.34
165.97
159.42
101.30
129.62
159.67
140.10
100.52
179.53
130.75
139.73
176.01
185.09
190.35
198.83
158.97
131.46
134.95
171.92
168.07
143.06
162.49
150.42
134.86
173.02
118.89
113.88
174.65
141.47
147.39
165.76
182.20
147.41
128.07
129.02
160.79
174.04
162.73
173.37
125.11
131.48
181.97
121.65
154.00
131.85
125.10
135.58
106.97
172.12
171.36
112.69
160.54
107.38
181.29
135.75
164.47
133.86
140.82
103.33
166.16
164.62
187.50
136.35
102.09
173.60
138.17
198.68
109.33
103.69
130.56
192.52
167.24
183.49
137.31
188.75
139.70
